{
  "accessors": [
    {
      "bufferView": 2,
      "componentType": 5126,
      "count": 65532,
      "max": [
        3.7431554794311523,
        3.8115015029907227,
        17.843276977539063
      ],
      "min": [
        -3.6171207427978516,
        -2.9342947006225586,
        13.54595947265625
      ],
      "type": "VEC3"
    },
    {
      "bufferView": 2,
      "byteOffset": 786384,
      "componentType": 5126,
      "count": 65532,
      "max": [
        0.9997332692146301,
        0.9999827146530151,
        0.9966229796409607
      ],
      "min": [
        -0.9998526573181152,
        -0.9999115467071533,
        -0.9999983310699463
      ],
      "type": "VEC3"
    },
    {
      "bufferView": 3,
      "componentType": 5126,
      "count": 65532,
      "max": [
        0.9686275124549866,
        0.9254902601242065,
        0.7490196228027344,
        1.0
      ],
      "min": [
        0.13333334028720856,
        0.08235294371843338,
        0.0,
        1.0
      ],
      "type": "VEC4"
    },
    {
      "bufferView": 1,
      "componentType": 5126,
      "count": 65532,
      "max": [
        0.9947529435157776,
        0.9992688894271851
      ],
      "min": [
        0.0033716850448399782,
        0.0038331991527229548
      ],
      "type": "VEC2"
    },
    {
      "bufferView": 0,
      "componentType": 5125,
      "count": 334302,
      "type": "SCALAR"
    },
    {
      "bufferView": 2,
      "byteOffset": 1572768,
      "componentType": 5126,
      "count": 65532,
      "max": [
        3.133223056793213,
        3.4703211784362793,
        16.990142822265625
      ],
      "min": [
        -2.3445005416870117,
        -2.140209197998047,
        13.592485427856445
      ],
      "type": "VEC3"
    },
    {
      "bufferView": 2,
      "byteOffset": 2359152,
      "componentType": 5126,
      "count": 65532,
      "max": [
        0.9999912977218628,
        0.9999772906303406,
        0.9998824000358582
      ],
      "min": [
        -0.9999624490737915,
        -0.9999222159385681,
        -0.9999903440475464
      ],
      "type": "VEC3"
    },
    {
      "bufferView": 3,
      "byteOffset": 1048512,
      "componentType": 5126,
      "count": 65532,
      "max": [
        0.9960784912109375,
        0.9490196704864502,
        0.8000000715255737,
        1.0
      ],
      "min": [
        0.05490196496248245,
        0.03529411926865578,
        0.0,
        1.0
      ],
      "type": "VEC4"
    },
    {
      "bufferView": 1,
      "byteOffset": 524256,
      "componentType": 5126,
      "count": 65532,
      "max": [
        0.991868793964386,
        0.9991931319236755
      ],
      "min": [
        0.008511501364409924,
        0.002985951956361532
      ],
      "type": "VEC2"
    },
    {
      "bufferView": 0,
      "byteOffset": 1337208,
      "componentType": 5125,
      "count": 325692,
      "type": "SCALAR"
    },
    {
      "bufferView": 2,
      "byteOffset": 3145536,
      "componentType": 5126,
      "count": 65532,
      "max": [
        3.7054104804992676,
        3.682133197784424,
        17.062297821044922
      ],
      "min": [
        -2.341235637664795,
        -1.9056848287582397,
        14.79676342010498
      ],
      "type": "VEC3"
    },
    {
      "bufferView": 2,
      "byteOffset": 3931920,
      "componentType": 5126,
      "count": 65532,
      "max": [
        0.9999824166297913,
        0.9999827146530151,
        0.9996806383132935
      ],
      "min": [
        -0.9998267292976379,
        -0.9999882578849792,
        -0.9999884963035583
      ],
      "type": "VEC3"
    },
    {
      "bufferView": 3,
      "byteOffset": 2097024,
      "componentType": 5126,
      "count": 65532,
      "max": [
        0.9960784912109375,
        0.9411765336990356,
        0.7843137979507446,
        1.0
      ],
      "min": [
        0.125490203499794,
        0.07450980693101883,
        0.0,
        1.0
      ],
      "type": "VEC4"
    },
    {
      "bufferView": 1,
      "byteOffset": 1048512,
      "componentType": 5126,
      "count": 65532,
      "max": [
        0.9952617883682251,
        0.9994308948516846
      ],
      "min": [
        0.00305666821077466,
        0.004825367126613855
      ],
      "type": "VEC2"
    },
    {
      "bufferView": 0,
      "byteOffset": 2639976,
      "componentType": 5125,
      "count": 291066,
      "type": "SCALAR"
    },
    {
      "bufferView": 2,
      "byteOffset": 4718304,
      "componentType": 5126,
      "count": 65532,
      "max": [
        3.324913501739502,
        3.596991539001465,
        17.84461784362793
      ],
      "min": [
        -3.578719139099121,
        -2.93148136138916,
        14.353879928588867
      ],
      "type": "VEC3"
    },
    {
      "bufferView": 2,
      "byteOffset": 5504688,
      "componentType": 5126,
      "count": 65532,
      "max": [
        0.9996771216392517,
        0.999383270740509,
        0.9995629191398621
      ],
      "min": [
        -0.9999974370002747,
        -0.9999762177467346,
        -0.9999983310699463
      ],
      "type": "VEC3"
    },
    {
      "bufferView": 3,
      "byteOffset": 3145536,
      "componentType": 5126,
      "count": 65532,
      "max": [
        0.9921569228172302,
        0.9725490808486938,
        0.8392157554626465,
        1.0
      ],
      "min": [
        0.08235294371843338,
        0.04313725605607033,
        0.0,
        1.0
      ],
      "type": "VEC4"
    },
    {
      "bufferView": 1,
      "byteOffset": 1572768,
      "componentType": 5126,
      "count": 65532,
      "max": [
        0.9940094947814941,
        0.9998708367347717
      ],
      "min": [
        0.0008985247695818543,
        0.003967498894780874
      ],
      "type": "VEC2"
    },
    {
      "bufferView": 0,
      "byteOffset": 3804240,
      "componentType": 5125,
      "count": 292590,
      "type": "SCALAR"
    },
    {
      "bufferView": 2,
      "byteOffset": 6291072,
      "componentType": 5126,
      "count": 65532,
      "max": [
        3.236572265625,
        3.6980819702148438,
        17.155132293701172
      ],
      "min": [
        -2.7928261756896973,
        -1.9383834600448608,
        14.468160629272461
      ],
      "type": "VEC3"
    },
    {
      "bufferView": 2,
      "byteOffset": 7077456,
      "componentType": 5126,
      "count": 65532,
      "max": [
        0.9999401569366455,
        0.9999815225601196,
        0.9999788403511047
      ],
      "min": [
        -0.999965250492096,
        -0.9999871850013733,
        -0.9999937415122986
      ],
      "type": "VEC3"
    },
    {
      "bufferView": 3,
      "byteOffset": 4194048,
      "componentType": 5126,
      "count": 65532,
      "max": [
        0.9960784912109375,
        0.9450981020927429,
        0.7960785031318665,
        1.0
      ],
      "min": [
        0.09019608050584793,
        0.05490196496248245,
        0.0,
        1.0
      ],
      "type": "VEC4"
    },
    {
      "bufferView": 1,
      "byteOffset": 2097024,
      "componentType": 5126,
      "count": 65532,
      "max": [
        0.9947022795677185,
        1.000002145767212
      ],
      "min": [
        0.0005418884684331715,
        0.003371219616383314
      ],
      "type": "VEC2"
    },
    {
      "bufferView": 0,
      "byteOffset": 4974600,
      "componentType": 5125,
      "count": 288768,
      "type": "SCALAR"
    },
    {
      "bufferView": 2,
      "byteOffset": 7863840,
      "componentType": 5126,
      "count": 64371,
      "max": [
        2.448549747467041,
        2.604764461517334,
        16.335155487060547
      ],
      "min": [
        -1.8969967365264893,
        -1.9289861917495728,
        14.170259475708008
      ],
      "type": "VEC3"
    },
    {
      "bufferView": 2,
      "byteOffset": 8636292,
      "componentType": 5126,
      "count": 64371,
      "max": [
        0.9999839663505554,
        0.999669075012207,
        0.9999399185180664
      ],
      "min": [
        -0.999984860420227,
        -0.9999871253967285,
        -0.9999703168869019
      ],
      "type": "VEC3"
    },
    {
      "bufferView": 3,
      "byteOffset": 5242560,
      "componentType": 5126,
      "count": 64371,
      "max": [
        0.9921569228172302,
        0.9294118285179138,
        0.7137255072593689,
        1.0
      ],
      "min": [
        0.0470588281750679,
        0.027450982481241226,
        0.0,
        1.0
      ],
      "type": "VEC4"
    },
    {
      "bufferView": 1,
      "byteOffset": 2621280,
      "componentType": 5126,
      "count": 64371,
      "max": [
        0.9934290051460266,
        0.9996006488800049
      ],
      "min": [
        0.0012145447544753551,
        0.012441158294677734
      ],
      "type": "VEC2"
    },
    {
      "bufferView": 0,
      "byteOffset": 6129672,
      "componentType": 5125,
      "count": 291648,
      "type": "SCALAR"
    }
  ],
  "asset": {
    "extras": {
      "author": "Aaron Theesfeld (https://sketchfab.com/theesfeld)",
      "license": "CC-BY-4.0 (http://creativecommons.org/licenses/by/4.0/)",
      "source": "https://sketchfab.com/3d-models/big-mac-7aeeaa237c6a48c39d0aeef7fc845ecb",
      "title": "Big Mac"
    },
    "generator": "Sketchfab-12.63.0",
    "version": "2.0"
  },
  "bufferViews": [
    {
      "buffer": 0,
      "byteLength": 7296264,
      "name": "floatBufferViews",
      "target": 34963
    },
    {
      "buffer": 0,
      "byteLength": 3136248,
      "byteOffset": 7296264,
      "byteStride": 8,
      "name": "floatBufferViews",
      "target": 34962
    },
    {
      "buffer": 0,
      "byteLength": 9408744,
      "byteOffset": 10432512,
      "byteStride": 12,
      "name": "floatBufferViews",
      "target": 34962
    },
    {
      "buffer": 0,
      "byteLength": 6272496,
      "byteOffset": 19841256,
      "byteStride": 16,
      "name": "floatBufferViews",
      "target": 34962
    }
  ],
  "buffers": [
    {
      "byteLength": 26113752,
      "uri": "scene.bin"
    }
  ],
  "images": [
    {
      "uri": "textures/material0_baseColor.jpeg"
    }
  ],
  "materials": [
    {
      "doubleSided": true,
      "name": "material0",
      "pbrMetallicRoughness": {
        "baseColorTexture": {
          "index": 0
        },
        "metallicFactor": 0.0,
        "roughnessFactor": 0.6699999999999999
      }
    }
  ],
  "meshes": [
    {
      "name": "Model_material0_0",
      "primitives": [
        {
          "attributes": {
            "COLOR_0": 2,
            "NORMAL": 1,
            "POSITION": 0,
            "TEXCOORD_0": 3
          },
          "indices": 4,
          "material": 0,
          "mode": 4
        }
      ]
    },
    {
      "name": "Model_material0_0",
      "primitives": [
        {
          "attributes": {
            "COLOR_0": 7,
            "NORMAL": 6,
            "POSITION": 5,
            "TEXCOORD_0": 8
          },
          "indices": 9,
          "material": 0,
          "mode": 4
        }
      ]
    },
    {
      "name": "Model_material0_0",
      "primitives": [
        {
          "attributes": {
            "COLOR_0": 12,
            "NORMAL": 11,
            "POSITION": 10,
            "TEXCOORD_0": 13
          },
          "indices": 14,
          "material": 0,
          "mode": 4
        }
      ]
    },
    {
      "name": "Model_material0_0",
      "primitives": [
        {
          "attributes": {
            "COLOR_0": 17,
            "NORMAL": 16,
            "POSITION": 15,
            "TEXCOORD_0": 18
          },
          "indices": 19,
          "material": 0,
          "mode": 4
        }
      ]
    },
    {
      "name": "Model_material0_0",
      "primitives": [
        {
          "attributes": {
            "COLOR_0": 22,
            "NORMAL": 21,
            "POSITION": 20,
            "TEXCOORD_0": 23
          },
          "indices": 24,
          "material": 0,
          "mode": 4
        }
      ]
    },
    {
      "name": "Model_material0_0",
      "primitives": [
        {
          "attributes": {
            "COLOR_0": 27,
            "NORMAL": 26,
            "POSITION": 25,
            "TEXCOORD_0": 28
          },
          "indices": 29,
          "material": 0,
          "mode": 4
        }
      ]
    }
  ],
  "nodes": [
    {
      "children": [
        1
      ],
      "matrix": [
        1.0,
        0.0,
        0.0,
        0.0,
        0.0,
        0.9268152117729186,
        0.3755176663398745,
        0.0,
        0.0,
        -0.3755176663398745,
        0.9268152117729186,
        0.0,
        0.0,
        15.149982452392573,
        21.182704925537113,
        1.0
      ],
      "name": "Sketchfab_model"
    },
    {
      "children": [
        2
      ],
      "matrix": [
        1.0,
        0.0,
        0.0,
        0.0,
        0.0,
        0.0,
        1.0,
        0.0,
        0.0,
        -1.0,
        0.0,
        0.0,
        0.0,
        0.0,
        0.0,
        1.0
      ],
      "name": "burger 1.fbx"
    },
    {
      "children": [
        3,
        5,
        7,
        9,
        11,
        13,
        15,
        17,
        19,
        21,
        23,
        25,
        27,
        29,
        31,
        33,
        35,
        37,
        39,
        41,
        43,
        45,
        47,
        49,
        51,
        53,
        55,
        57,
        59,
        61,
        63,
        65,
        67,
        69,
        71,
        73,
        75,
        77,
        79,
        81,
        83,
        85,
        87,
        89,
        91,
        93,
        95,
        97,
        99,
        101,
        103,
        105,
        107,
        109,
        111,
        113,
        115,
        117,
        119,
        121,
        123,
        125,
        127,
        129,
        131,
        133,
        135,
        137,
        139,
        141,
        143,
        145,
        147,
        149,
        151,
        153,
        155,
        157,
        159,
        161,
        163,
        165,
        167,
        169,
        171,
        173,
        175,
        177,
        179,
        181,
        183,
        185,
        187,
        189,
        191,
        193,
        195,
        197,
        199,
        201,
        203,
        205,
        207,
        209,
        211,
        213,
        215,
        217,
        219,
        221,
        223,
        225,
        227,
        229,
        231,
        233,
        235,
        237,
        239,
        241,
        243,
        245,
        247,
        249,
        251,
        253,
        255,
        257,
        259,
        261,
        263,
        265,
        267
      ],
      "name": "RootNode"
    },
    {
      "children": [
        4
      ],
      "matrix": [
        -0.2825560628931316,
        0.587627184854236,
        0.7581928270187067,
        0.0,
        -0.7190672141969745,
        0.39339617293896056,
        -0.5728715323560614,
        0.0,
        -0.6349050423404553,
        -0.7070599286745538,
        0.31138696901668783,
        0.0,
        4.430593967437744,
        -8.792591094970703,
        3.6646652221679688,
        1.0
      ],
      "name": "DSC_0012.JPG"
    },
    {
      "name": "Object_4"
    },
    {
      "children": [
        6
      ],
      "matrix": [
        -0.29127265813189096,
        0.5783067087842353,
        0.7620509098478447,
        0.0,
        -0.7371765854452921,
        0.37200785676415327,
        -0.5640752045401048,
        0.0,
        -0.6096974007620521,
        -0.7260657718697988,
        0.3179584476360249,
        0.0,
        4.572140216827393,
        -8.656421661376953,
        3.599156141281128,
        1.0
      ],
      "name": "DSC_0013.JPG"
    },
    {
      "name": "Object_6"
    },
    {
      "children": [
        8
      ],
      "matrix": [
        -0.24762650504547334,
        0.6223713828069809,
        0.7425193437627673,
        0.0,
        -0.6332365648670787,
        0.4760715571026156,
        -0.6102190798665943,
        0.0,
        -0.7332752327157286,
        -0.6212968166511217,
        0.27622038068338917,
        0.0,
        3.940232276916504,
        -9.340449333190918,
        3.9023232460021973,
        1.0
      ],
      "name": "DSC_0014.JPG"
    },
    {
      "name": "Object_8"
    },
    {
      "children": [
        10
      ],
      "matrix": [
        -0.1949404689590799,
        0.6597064882186959,
        0.7257999469303988,
        0.0,
        -0.5084270482391907,
        0.5648436689752587,
        -0.6499642807396049,
        0.0,
        -0.83874915808053,
        -0.4957206663240136,
        0.22530173279066956,
        0.0,
        3.1685032844543457,
        -9.928837776184082,
        4.165189743041992,
        1.0
      ],
      "name": "DSC_0015.JPG"
    },
    {
      "name": "Object_10"
    },
    {
      "children": [
        12
      ],
      "matrix": [
        -0.13346354309774533,
        0.6892930269944368,
        0.7120832855787605,
        0.0,
        -0.36110513104769804,
        0.6352956420329897,
        -0.682643780858594,
        0.0,
        -0.9229250061596667,
        -0.3482449858228226,
        0.16411844154281097,
        0.0,
        2.264058828353882,
        -10.405556678771973,
        4.386938095092773,
        1.0
      ],
      "name": "DSC_0016.JPG"
    },
    {
      "name": "Object_12"
    },
    {
      "children": [
        14
      ],
      "matrix": [
        -0.050295867389017035,
        0.7103346034796507,
        0.7020648665351327,
        0.0,
        -0.1657297664485028,
        0.6872726849468093,
        -0.7072410487513634,
        0.0,
        -0.984887795759756,
        -0.15192434836263474,
        0.08315661211279401,
        0.0,
        1.0212427377700806,
        -10.758965492248535,
        4.557620525360107,
        1.0
      ],
      "name": "DSC_0017.JPG"
    },
    {
      "name": "Object_14"
    },
    {
      "children": [
        16
      ],
      "matrix": [
        0.016758845157201385,
        0.714314240737444,
        0.6996244039402041,
        0.0,
        -0.009327152070562672,
        0.6998039143079173,
        -0.7142740970758843,
        0.0,
        -0.9998160557538819,
        0.005444905784867504,
        0.018390422989816413,
        0.0,
        0.009196391329169273,
        -10.851400375366211,
        4.609798431396484,
        1.0
      ],
      "name": "DSC_0018.JPG"
    },
    {
      "name": "Object_16"
    },
    {
      "children": [
        18
      ],
      "matrix": [
        0.09589254936414116,
        0.7058579564385274,
        0.7018327181806728,
        0.0,
        0.1759756460914897,
        0.681954154181877,
        -0.7099092220676976,
        0.0,
        -0.9797128104496381,
        0.19158047115117605,
        -0.058819487539121695,
        0.0,
        -1.1878468990325928,
        -10.761026382446289,
        4.591675758361816,
        1.0
      ],
      "name": "DSC_0019.JPG"
    },
    {
      "name": "Object_18"
    },
    {
      "children": [
        20
      ],
      "matrix": [
        0.16283953255094352,
        0.6860203985685434,
        0.7091257288989359,
        0.0,
        0.3285996908065389,
        0.6399796229307353,
        -0.6945850023109346,
        0.0,
        -0.9303254967163037,
        0.3461243923523605,
        -0.12121210821643191,
        0.0,
        -2.2096176147460938,
        -10.492084503173828,
        4.495389938354492,
        1.0
      ],
      "name": "DSC_0020.JPG"
    },
    {
      "name": "Object_20"
    },
    {
      "children": [
        22
      ],
      "matrix": [
        0.21685786182372024,
        0.6609114302956104,
        0.7184488493065146,
        0.0,
        0.45554306262972494,
        0.5824048499955516,
        -0.6732645162130481,
        0.0,
        -0.863396308687485,
        0.47328709258363444,
        -0.17477454659805436,
        0.0,
        -3.0355377197265625,
        -10.141297340393066,
        4.3652873039245605,
        1.0
      ],
      "name": "DSC_0021.JPG"
    },
    {
      "name": "Object_22"
    },
    {
      "children": [
        24
      ],
      "matrix": [
        0.2740482284371505,
        0.622021499218541,
        0.7334758503184532,
        0.0,
        0.5907893170923962,
        0.49291492307253737,
        -0.6387510167677971,
        0.0,
        -0.7588580574125569,
        0.6083782812710469,
        -0.232401195301847,
        0.0,
        -3.9217586517333984,
        -9.582914352416992,
        4.1479387283325195,
        1.0
      ],
      "name": "DSC_0022.JPG"
    },
    {
      "name": "Object_24"
    },
    {
      "children": [
        26
      ],
      "matrix": [
        0.31874901634882247,
        0.5793205245789762,
        0.7501911718876716,
        0.0,
        0.6978982025341279,
        0.39210528549891766,
        -0.5993259079861688,
        0.0,
        -0.6413557230401016,
        0.7145916140603332,
        -0.2793235787368413,
        0.0,
        -4.619001388549805,
        -8.961421012878418,
        3.9048078060150146,
        1.0
      ],
      "name": "DSC_0023.JPG"
    },
    {
      "name": "Object_26"
    },
    {
      "children": [
        28
      ],
      "matrix": [
        0.3590707059448638,
        0.5233664415470006,
        0.7727585625502232,
        0.0,
        0.7965840423429286,
        0.2595908258178955,
        -0.5459546378919979,
        0.0,
        -0.48633536948987854,
        0.8116034567531196,
        -0.3236938945509018,
        0.0,
        -5.259400367736816,
        -8.139774322509766,
        3.5721352100372314,
        1.0
      ],
      "name": "DSC_0024.JPG"
    },
    {
      "name": "Object_28"
    },
    {
      "children": [
        30
      ],
      "matrix": [
        0.38617753192680726,
        0.46621716281593034,
        0.7959324537489247,
        0.0,
        0.8622500054053384,
        0.12409798096259539,
        -0.491044416829579,
        0.0,
        -0.32770694532373534,
        0.8759230835049797,
        -0.35407189915286263,
        0.0,
        -5.698909282684326,
        -7.291877269744873,
        3.2277653217315674,
        1.0
      ],
      "name": "DSC_0025.JPG"
    },
    {
      "name": "Object_30"
    },
    {
      "children": [
        32
      ],
      "matrix": [
        0.38631675425718714,
        0.46647393710048446,
        0.7957144157209706,
        0.0,
        0.8619392952308189,
        0.12453958843113588,
        -0.4914779163405029,
        0.0,
        -0.32835958447590846,
        0.8757236761212845,
        -0.35396048700869454,
        0.0,
        -5.698089599609375,
        -7.292216777801514,
        3.2255775928497314,
        1.0
      ],
      "name": "DSC_0026.JPG"
    },
    {
      "name": "Object_32"
    },
    {
      "children": [
        34
      ],
      "matrix": [
        0.4017506575476262,
        0.4075868648141502,
        0.8200422896357367,
        0.0,
        0.9007474074641612,
        -0.014459251270167783,
        -0.4341025662205861,
        0.0,
        -0.1650773064556188,
        0.913051957822597,
        -0.3729418255032275,
        0.0,
        -5.96647310256958,
        -6.413746356964111,
        2.8651881217956543,
        1.0
      ],
      "name": "DSC_0027.JPG"
    },
    {
      "name": "Object_34"
    },
    {
      "children": [
        36
      ],
      "matrix": [
        0.4061313138478495,
        0.34285884655267573,
        0.8470567674322591,
        0.0,
        0.9136768228830582,
        -0.168458732793066,
        -0.3698868998384168,
        0.0,
        0.015875113811884445,
        0.9241587886755842,
        -0.3816785480939904,
        0.0,
        -6.069158554077148,
        -5.440096855163574,
        2.4586873054504395,
        1.0
      ],
      "name": "DSC_0028.JPG"
    },
    {
      "name": "Object_36"
    },
    {
      "children": [
        38
      ],
      "matrix": [
        0.395108045864178,
        0.2654396404343439,
        0.8794495035984026,
        0.0,
        0.8891753200637409,
        -0.35100429267608035,
        -0.2935357503141795,
        0.0,
        0.23077452693686606,
        0.8979631305399185,
        -0.37470699740999636,
        0.0,
        -5.949249267578125,
        -4.266540050506592,
        1.9679292440414429,
        1.0
      ],
      "name": "DSC_0029.JPG"
    },
    {
      "name": "Object_38"
    },
    {
      "children": [
        40
      ],
      "matrix": [
        0.3732659745225345,
        0.20928873617748822,
        0.9038090158728072,
        0.0,
        0.8418014077976266,
        -0.4858772360460404,
        -0.23514612759344788,
        0.0,
        0.38992679068470837,
        0.8485997504132852,
        -0.35754099276143636,
        0.0,
        -5.651708126068115,
        -3.4107859134674072,
        1.5982928276062012,
        1.0
      ],
      "name": "DSC_0030.JPG"
    },
    {
      "name": "Object_40"
    },
    {
      "children": [
        42
      ],
      "matrix": [
        0.3346078334567023,
        0.1466573280297479,
        0.9308755158046572,
        0.0,
        0.7527917915867044,
        -0.63581468885831,
        -0.17042358977468502,
        0.0,
        0.5668704581375638,
        0.7577805154312067,
        -0.32315100823565945,
        0.0,
        -5.102731704711914,
        -2.448090076446533,
        1.184171199798584,
        1.0
      ],
      "name": "DSC_0031.JPG"
    },
    {
      "name": "Object_42"
    },
    {
      "children": [
        44
      ],
      "matrix": [
        0.2872821254421065,
        0.09708068008277299,
        0.9529135962699515,
        0.0,
        0.6444853170501532,
        -0.7555620433780288,
        -0.11732295049640334,
        0.0,
        0.708595552136922,
        0.647843607795187,
        -0.27962654260761166,
        0.0,
        -4.41654634475708,
        -1.6796115636825562,
        0.8452149629592896,
        1.0
      ],
      "name": "DSC_0032.JPG"
    },
    {
      "name": "Object_44"
    },
    {
      "children": [
        46
      ],
      "matrix": [
        0.22591235795852627,
        0.053171901586990644,
        0.9726954073106556,
        0.0,
        0.5029315056013066,
        -0.8615102350357757,
        -0.06971381213364619,
        0.0,
        0.8342802330123983,
        0.5049483773716139,
        -0.22136763312316599,
        0.0,
        -3.5149009227752686,
        -0.9897118210792542,
        0.5383026599884033,
        1.0
      ],
      "name": "DSC_0033.JPG"
    },
    {
      "name": "Object_46"
    },
    {
      "children": [
        48
      ],
      "matrix": [
        0.189946668941813,
        0.034445853779080104,
        0.9811899643368451,
        0.0,
        0.41836212821999924,
        -0.9069494867156664,
        -0.049150363349844434,
        0.0,
        0.8881967082967275,
        0.4198286694636504,
        -0.18668287459549848,
        0.0,
        -2.982475519180298,
        -0.691562294960022,
        0.4038848280906677,
        1.0
      ],
      "name": "DSC_0034.JPG"
    },
    {
      "name": "Object_48"
    },
    {
      "children": [
        50
      ],
      "matrix": [
        0.1348146890098545,
        0.013542708015171712,
        0.990778277258233,
        0.0,
        0.28604156016461807,
        -0.9578690447083706,
        -0.025828647817194517,
        0.0,
        0.9486860521193339,
        0.28688584532717765,
        -0.13300859470403892,
        0.0,
        -2.1680428981781006,
        -0.345217764377594,
        0.25060394406318665,
        1.0
      ],
      "name": "DSC_0035.JPG"
    },
    {
      "name": "Object_50"
    },
    {
      "children": [
        52
      ],
      "matrix": [
        0.0745667989354587,
        0.00019390581069654578,
        0.9972160021264478,
        0.0,
        0.14364039435526432,
        -0.9895737318445867,
        -0.010548286715968566,
        0.0,
        0.9868167153053211,
        0.14402705177748626,
        -0.0738171982013831,
        0.0,
        -1.2646253108978271,
        -0.11421331018209457,
        0.14299198985099792,
        1.0
      ],
      "name": "DSC_0036.JPG"
    },
    {
      "name": "Object_52"
    },
    {
      "children": [
        54
      ],
      "matrix": [
        0.013630110600611256,
        -0.003995956027604294,
        0.9998991211219462,
        0.0,
        -0.0013785055512036144,
        -0.9999911394388294,
        -0.003977532687099911,
        0.0,
        0.9999061555003351,
        -0.0013241522786674995,
        -0.013635498277748903,
        0.0,
        -0.3516353964805603,
        -0.01759757660329342,
        0.09167306870222092,
        1.0
      ],
      "name": "DSC_0037.JPG"
    },
    {
      "name": "Object_54"
    },
    {
      "children": [
        56
      ],
      "matrix": [
        -0.04134322897617837,
        -0.0006422281673811592,
        0.9991447967941405,
        0.0,
        -0.13836315864146745,
        -0.9903611276147957,
        -0.006361858243179863,
        0.0,
        0.9895182533680615,
        -0.1385078497866862,
        0.040855866150277365,
        0.0,
        0.4821842312812805,
        -0.04097721353173256,
        0.09366977959871292,
        1.0
      ],
      "name": "DSC_0038.JPG"
    },
    {
      "name": "Object_56"
    },
    {
      "children": [
        58
      ],
      "matrix": [
        -0.09423266751950932,
        0.010455145005854372,
        0.9954953010009961,
        0.0,
        -0.26509341633689243,
        -0.964106549723821,
        -0.014968012375192408,
        0.0,
        0.9596070471745153,
        -0.2653097260232566,
        0.09362192206140585,
        0.0,
        1.2829668521881104,
        -0.18104875087738037,
        0.13871227204799652,
        1.0
      ],
      "name": "DSC_0039.JPG"
    },
    {
      "name": "Object_58"
    },
    {
      "children": [
        60
      ],
      "matrix": [
        -0.1591100321522989,
        0.034765858770655106,
        0.9866485355649363,
        0.0,
        -0.4198984335979272,
        -0.9068663424441219,
        -0.03575950788290727,
        0.0,
        0.8935151387248575,
        -0.4199818710444053,
        0.1588896625446068,
        0.0,
        2.274247646331787,
        -0.514552116394043,
        0.25776150822639465,
        1.0
      ],
      "name": "DSC_0040.JPG"
    },
    {
      "name": "Object_60"
    },
    {
      "children": [
        62
      ],
      "matrix": [
        -0.20496738682038274,
        0.060504422375580014,
        0.9768969163699006,
        0.0,
        -0.5292783498706661,
        -0.8464202808755679,
        -0.058627096812900736,
        0.0,
        0.8233181637120659,
        -0.5290670307206091,
        0.2055122339576646,
        0.0,
        2.9777913093566895,
        -0.8788197636604309,
        0.3920067250728607,
        1.0
      ],
      "name": "DSC_0041.JPG"
    },
    {
      "name": "Object_62"
    },
    {
      "children": [
        64
      ],
      "matrix": [
        -0.2566727756384386,
        0.10135474886095597,
        0.9611692364663951,
        0.0,
        -0.6513060771607508,
        -0.7529036541103316,
        -0.09453296504809738,
        0.0,
        0.7140864654224546,
        -0.6502794034187483,
        0.2592628345710636,
        0.0,
        3.781797409057617,
        -1.4735356569290161,
        0.6163384914398193,
        1.0
      ],
      "name": "DSC_0042.JPG"
    },
    {
      "name": "Object_64"
    },
    {
      "children": [
        66
      ],
      "matrix": [
        -0.3072172491432541,
        0.1590957421327388,
        0.9382462931789738,
        0.0,
        -0.7724573148444578,
        -0.6175279393145854,
        -0.14821923258866188,
        0.0,
        0.5558122511893219,
        -0.7702907171978088,
        0.31260990455637105,
        0.0,
        4.573028564453125,
        -2.322157144546509,
        0.9479645490646362,
        1.0
      ],
      "name": "DSC_0043.JPG"
    },
    {
      "name": "Object_66"
    },
    {
      "children": [
        68
      ],
      "matrix": [
        -0.34676935762600425,
        0.2311437113610743,
        0.9090234305615432,
        0.0,
        -0.8664467486448191,
        -0.4500880920855095,
        -0.21608040430739578,
        0.0,
        0.35919499491845674,
        -0.8625504588492514,
        0.35635047574610523,
        0.0,
        5.209506034851074,
        -3.389972448348999,
        1.3764311075210571,
        1.0
      ],
      "name": "DSC_0044.JPG"
    },
    {
      "name": "Object_68"
    },
    {
      "children": [
        70
      ],
      "matrix": [
        -0.3659385135049422,
        0.2951712805452123,
        0.8825887601114648,
        0.0,
        -0.9123979529630863,
        -0.3006378352700343,
        -0.27775324918516714,
        0.0,
        0.1833547920359952,
        -0.9069127891619169,
        0.37932863468500455,
        0.0,
        5.538043022155762,
        -4.3481669425964355,
        1.7691949605941772,
        1.0
      ],
      "name": "DSC_0045.JPG"
    },
    {
      "name": "Object_70"
    },
    {
      "children": [
        72
      ],
      "matrix": [
        -0.370991996163059,
        0.36307950391025445,
        0.8547152816132588,
        0.0,
        -0.9286167011970051,
        -0.13910441788706795,
        -0.3439781725375784,
        0.0,
        -0.005996752532906213,
        -0.921316034140611,
        0.38876831686040925,
        0.0,
        5.651204586029053,
        -5.366704940795898,
        2.187656879425049,
        1.0
      ],
      "name": "DSC_0046.JPG"
    },
    {
      "name": "Object_72"
    },
    {
      "children": [
        74
      ],
      "matrix": [
        -0.36070104348362353,
        0.4398397899595935,
        0.8224571213127926,
        0.0,
        -0.9061305968928867,
        0.04364852378201611,
        -0.42074000017373153,
        0.0,
        -0.22095723252332322,
        -0.897014919351931,
        0.3828082233386355,
        0.0,
        5.540714740753174,
        -6.528652667999268,
        2.6753439903259277,
        1.0
      ],
      "name": "DSC_0047.JPG"
    },
    {
      "name": "Object_74"
    },
    {
      "children": [
        76
      ],
      "matrix": [
        -0.3388708149017119,
        0.5022308464471598,
        0.7955694486874287,
        0.0,
        -0.8537339147859394,
        0.19118842590900986,
        -0.48434015788772833,
        0.0,
        -0.39535423806015313,
        -0.8433333639050483,
        0.3639833289760279,
        0.0,
        5.248214244842529,
        -7.481997966766357,
        3.084017515182495,
        1.0
      ],
      "name": "DSC_0048.JPG"
    },
    {
      "name": "Object_76"
    },
    {
      "children": [
        78
      ],
      "matrix": [
        -0.31581566318413823,
        0.5438180041431102,
        0.7775104148867504,
        0.0,
        -0.7988216705866735,
        0.28979504115393406,
        -0.5271648439754928,
        0.0,
        -0.5120003959848849,
        -0.7875790833258547,
        0.3428917934552056,
        0.0,
        4.922763824462891,
        -8.123128890991211,
        3.357229709625244,
        1.0
      ],
      "name": "DSC_0049.JPG"
    },
    {
      "name": "Object_78"
    },
    {
      "children": [
        80
      ],
      "matrix": [
        -0.4689065288950305,
        0.6426115406947671,
        0.6059513800013261,
        0.0,
        -0.6548100769145456,
        0.2074869591532531,
        -0.7267550653091474,
        0.0,
        -0.5927482014572298,
        -0.7375632647761369,
        0.3234965225809783,
        0.0,
        7.087764739990234,
        -9.719698905944824,
        6.070753574371338,
        1.0
      ],
      "name": "DSC_0050.JPG"
    },
    {
      "name": "Object_80"
    },
    {
      "children": [
        82
      ],
      "matrix": [
        -0.4216535479408927,
        0.695822264623369,
        0.5814117831307375,
        0.0,
        -0.5893001144528484,
        0.27703951189409526,
        -0.7589298280838231,
        0.0,
        -0.6891543082755252,
        -0.6626314849928939,
        0.29323344707143306,
        0.0,
        6.383702754974365,
        -10.519450187683105,
        6.439312934875488,
        1.0
      ],
      "name": "DSC_0051.JPG"
    },
    {
      "name": "Object_82"
    },
    {
      "children": [
        84
      ],
      "matrix": [
        -0.34337283566182175,
        0.7581836752126684,
        0.5543037167208702,
        0.0,
        -0.4874383980462961,
        0.3606179073574616,
        -0.7952097415167813,
        0.0,
        -0.8028068907524526,
        -0.5432423396000502,
        0.24574144263075248,
        0.0,
        5.207187652587891,
        -11.45332145690918,
        6.848962306976318,
        1.0
      ],
      "name": "DSC_0052.JPG"
    },
    {
      "name": "Object_84"
    },
    {
      "children": [
        86
      ],
      "matrix": [
        -0.24803749291945998,
        0.8109342383833053,
        0.5299651527448929,
        0.0,
        -0.35966377170711084,
        0.43087426805923534,
        -0.8276408257486055,
        0.0,
        -0.8995106299692318,
        -0.39589522116603904,
        0.18479069357045264,
        0.0,
        3.7801601886749268,
        -12.245627403259277,
        7.217003345489502,
        1.0
      ],
      "name": "DSC_0053.JPG"
    },
    {
      "name": "Object_86"
    },
    {
      "children": [
        88
      ],
      "matrix": [
        -0.1539396625700742,
        0.843284250097841,
        0.5149507295117985,
        0.0,
        -0.23428299927481516,
        0.4751492150405784,
        -0.8481419101171214,
        0.0,
        -0.9599031495617716,
        -0.2512068808437461,
        0.12442285352035332,
        0.0,
        2.372584581375122,
        -12.731247901916504,
        7.446779727935791,
        1.0
      ],
      "name": "DSC_0054.JPG"
    },
    {
      "name": "Object_88"
    },
    {
      "children": [
        90
      ],
      "matrix": [
        -0.052216873437353595,
        0.8610057550005599,
        0.5059075883838308,
        0.0,
        -0.09961555278210221,
        0.4995811146995137,
        -0.8605204538414573,
        0.0,
        -0.9936549399929252,
        -0.09532995170200892,
        0.0596830003949953,
        0.0,
        0.8426929712295532,
        -12.993316650390625,
        7.5831780433654785,
        1.0
      ],
      "name": "DSC_0055.JPG"
    },
    {
      "name": "Object_90"
    },
    {
      "children": [
        92
      ],
      "matrix": [
        0.048528710017852306,
        0.8622982995091312,
        0.5040700417279963,
        0.0,
        0.03221480043696501,
        0.5030508383612176,
        -0.8636562167071355,
        0.0,
        -0.9983021441110952,
        0.05815063789621605,
        -0.003366359376751893,
        0.0,
        -0.6711664795875549,
        -13.01209545135498,
        7.611469268798828,
        1.0
      ],
      "name": "DSC_0056.JPG"
    },
    {
      "name": "Object_92"
    },
    {
      "children": [
        94
      ],
      "matrix": [
        0.04904271766540702,
        0.8623885267365057,
        0.5038658956480689,
        0.0,
        0.03200105844282303,
        0.5028572285778359,
        -0.8637769040241567,
        0.0,
        -0.9982838995508895,
        0.05848620880393535,
        -0.002935860557363057,
        0.0,
        -0.6780303716659546,
        -13.01423454284668,
        7.612600803375244,
        1.0
      ],
      "name": "DSC_0057.JPG"
    },
    {
      "name": "Object_94"
    },
    {
      "children": [
        96
      ],
      "matrix": [
        0.1891298210474498,
        0.8378587632033585,
        0.5120767556859988,
        0.0,
        0.21415027167225026,
        0.473742021526919,
        -0.8542295699531185,
        0.0,
